SettingID: 6 | Number of blades : 394091 | Dist: 0.100000
Avg: 2.063258 | NumFrames: 14541 | Test Duration: 30.000000
