SettingID: 3 | Number of blades : 63243 | Dist: 0.250000
Avg: 0.433859 | NumFrames: 69147 | Test Duration: 30.000000
