SettingID: 0 | Number of blades : 15783 | Dist: 0.5
Avg: 0.165101 | NumFrames: 181708 | Test Duration: 30.000000
