SettingID: 3 | Number of blades : 63243 | Dist: 0.250000
Avg: 0.265387 | NumFrames: 113043 | Test Duration: 30.000000
