SettingID: 6 | Number of blades : 394091 | Dist: 0.100000 | Mode: Linear | Exponent: 1.000000
Avg: 1.179653 | NumFrames: 25432 | Test Duration: 30.000000
