SettingID: 8 | Number of blades : 394091 | Dist: 0.100000 | Mode: Exponential_Drop | Exponent: 4.000000
Avg: 1.142240 | NumFrames: 26265 | Test Duration: 30.000000
