SettingID: 2 | Number of blades : 15783 | Dist: 0.500000 | Mode: Exponential_Drop | Exponent: 4.000000
Avg: 0.164147 | NumFrames: 182763 | Test Duration: 30.000000
